0 0.6938705000000001 0.111744 0.7349835 0.323204
1 0.734984 0.11174449999999998 0.751694 0.3240075
2 0.750548 0.11174449999999998 0.770564 0.3240075
3 0.7705645 0.11174450000000001 0.7861375 0.3232215
4 0.786137 0.11174449999999998 0.806153 0.3240075
5 0.8061535 0.111744 0.8417345 0.323204
6 0.8417340000000001 0.11174450000000001 0.883992 0.3232215
7 0.8839925000000001 0.11174450000000001 0.9028955 0.3232215
8 0.8995569999999999 0.11174449999999998 0.919573 0.3240075
9 0.051944000000000004 0.3303475 0.272492 0.3853765
10 0.051944000000000004 0.385376 0.272492 0.40109999999999996
11 0.051944000000000004 0.4017565 0.272492 0.41551350000000004
12 0.051944000000000004 0.415513 0.272492 0.431237
13 0.051944000000000004 0.43123700000000004 0.272492 0.446961
14 0.051944000000000004 0.4469615 0.272492 0.4613745
15 0.051944000000000004 0.461374 0.272492 0.477092
16 0.05201600000000001 0.4770985 0.272492 0.4908555
17 0.051944000000000004 0.490855 0.272492 0.5065729999999999
18 0.05120200000000001 0.5071835 0.272742 0.5257125
19 0.27217749999999996 0.3303875 0.4922425 0.38440650000000004
20 0.27137849999999997 0.3844075 0.4922415 0.3996925
21 0.27137849999999997 0.3996925 0.4922415 0.4149775
22 0.27137849999999997 0.4149775 0.4922415 0.42972049999999995
23 0.2737015 0.4302625 0.4930165 0.44555350000000005
24 0.2744675 0.4450055 0.4953305 0.4602905
25 0.2737015 0.4608385 0.4961045 0.4761235
26 0.27446750000000003 0.47612350000000003 0.4961045 0.4908665
27 0.27679 0.4908665 0.493016 0.5061515
28 0.27679000000000004 0.506152 0.492242 0.525804
29 0.49314500000000006 0.330433 0.718379 0.385023
30 0.4984515 0.38494799999999996 0.7183225 0.40049
31 0.4989835 0.40049049999999997 0.7188625 0.4152795
32 0.4989835 0.41527899999999995 0.7188625 0.430821
33 0.498951 0.432611 0.718145 0.445895
34 0.4982665 0.4452225 0.7198955 0.4605075
35 0.49904 0.4616025 0.722984 0.4768875
36 0.49904 0.4774345 0.722984 0.4905355
37 0.49841949999999996 0.490593 0.7208224999999999 0.506311
38 0.4986045 0.5060490000000001 0.7219355 0.526363
39 0.726734 0.330091 0.948774 0.38471500000000003
40 0.7260965 0.38474949999999997 0.9487575 0.3993105
41 0.7260965 0.39931 0.9487575 0.41477800000000004
42 0.725452 0.41477699999999995 0.948758 0.430701
43 0.7280805 0.430975 0.9473955 0.445713
44 0.727339 0.4462605 0.9466209999999999 0.45936150000000003
45 0.728081 0.4610035 0.9466209999999999 0.4762885
46 0.7269995 0.4762885 0.9463145 0.4915735
47 0.728081 0.491573 0.9466209999999999 0.506311
48 0.7280805 0.5068585 0.9473955 0.5259695000000001
49 0.0651535 0.5605935000000001 0.1815725 0.6133185
50 0.0651535 0.6126739999999999 0.1825005 0.62748
51 0.0651535 0.626824 0.1815725 0.642252
52 0.0651535 0.6422515 0.1815725 0.6602565
53 0.1815725 0.5605935000000001 0.2688955 0.6133185
54 0.1824845 0.6133185 0.2688955 0.6274635000000001
55 0.1815725 0.6281075 0.2688955 0.6428965
56 0.1815725 0.6422515000000001 0.2688955 0.6609005
57 0.28708100000000003 0.5605924999999999 0.402597 0.6126735
58 0.28708049999999996 0.612035 0.4034995 0.627463
59 0.28708049999999996 0.6274635 0.4034995 0.6428965
60 0.28708049999999996 0.643541 0.4034995 0.6609010000000001
61 0.4035005 0.5599485000000001 0.4899115 0.6126735
62 0.40259649999999997 0.610747 0.4899115 0.627463
63 0.40349999999999997 0.627463 0.489 0.643541
64 0.4035005 0.642896 0.4899115 0.6602560000000001
65 0.5071935 0.5599485 0.6236125 0.6120355
66 0.5071935 0.6120355 0.6236125 0.6300405
67 0.5090075 0.6281075 0.6236125 0.6428965
68 0.5071935 0.642896 0.6236125 0.6602560000000001
69 0.6245245 0.560593 0.7109275 0.612035
70 0.6245245 0.612035 0.7109275 0.628751
71 0.6254270000000001 0.628107 0.710927 0.644185
72 0.6245235 0.642896 0.7118385 0.6602560000000001
73 0.7291215 0.560593 0.8455405 0.612035
74 0.7291215 0.612035 0.8455405 0.628751
75 0.7291215 0.6287515 0.8455405 0.6435405
76 0.7291215 0.642896 0.8455405 0.6602560000000001
77 0.8451855 0.560559 0.9308065 0.613227
78 0.8447335 0.6129135 0.9303625 0.6294244999999999
79 0.844734 0.6294235 0.9314760000000001 0.6435745
80 0.8458465000000001 0.6435745 0.9314755 0.6600855
81 0.051644999999999996 0.6704615 0.210443 0.9506265
82 0.21030649999999998 0.6702735 0.3544275 0.9513965
83 0.3557665 0.6683574999999999 0.49987950000000003 0.9513965
84 0.499879 0.670297 0.645331 0.947623
85 0.644 0.6702735 0.7854439999999999 0.9456445
86 0.7873545 0.6706155 0.9489515 0.9497145